1000 2 191
2000 6 412
3000 11 599
4000 19 811
5000 25 955
6000 38 1155
7000 49 1372
8000 66 1579
9000 83 1778
10000 111 2002
11000 132 2171
12000 155 2364
13000 179 2476
14000 204 1343
15000 242 2962
16000 278 3167
17000 316 3383
18000 360 3565
19000 409 2043
20000 458 4010
21000 513 4029
22000 573 4315
23000 628 2796
24000 683 2986
25000 742 5066
26000 805 3822
27000 883 4033
28000 941 4246
29000 997 3982
30000 1082 5806
31000 1137 817
32000 1213 6013
33000 1301 6420
34000 1359 1759
35000 1422 1421
36000 1483 5177
37000 1555 5380
38000 1622 7437
39000 1716 2252
40000 1817 2447
41000 1902 8040
42000 1969 2850
43000 2053 6531
44000 2135 8630
45000 2229 3965
46000 2319 7175
47000 2414 9194
48000 2534 9384
49000 2636 9573
50000 2743 7981
51000 2982 9893
52000 3094 5326
53000 3212 8573
54000 3316 10500
55000 3438 10782
56000 3564 10979
57000 3682 6311
58000 3792 10706
59000 3911 6035
60000 4021 10915
61000 4178 6229
62000 4305 5820
63000 4432 9579
64000 4564 11574
65000 4682 6435
66000 4816 11736
67000 4964 11935
68000 5100 12139
69000 5242 7513
70000 5388 6625
71000 5559 7325
72000 5724 7544
73000 5901 12590
74000 6079 12490
75000 6223 7905
76000 6375 7456
77000 6544 8126
78000 6714 11391
79000 6876 12910
80000 7047 13163
81000 7248 8501
82000 7630 11617
83000 7862 13484
84000 8070 12089
85000 8256 13876
86000 8456 14097
87000 8748 14346
88000 8973 14545
89000 9178 9921
90000 9342 11800
91000 9546 9579
92000 9717 8438
93000 9920 13956
94000 10128 15183
95000 10319 15281
96000 10470 1618
97000 10718 15293
98000 10882 15747
99000 11047 999
100000 11259 12407
